Alphabet: 0 1
10
60
100000000
010010010
010
100010000
100000
10000010100
000001
0
0010001
100001
1001
10100
10000000
10
10001010101
01
1000000
001000000
010010010010
1000000000
001000101
00100
001010100
1010101
0000001
100101
1000000100
1
00001
000000101
10000101
1001010000
10001
1010001
11
10010001
10010100
1000001
0010000
1000010100
100010100
1000000000100
110
00
001
010010
000
10000000101
100
10000001
00000
000000
10000100
1000
10000
1001000100
10010101
0001
1001000000
101
44
01001001001
001000
0010
1000001000
00001010
100101000
01001
001010
10000100010
100000001000
100001000
10001010
10101000
101010
0100
100001010
10101010
100100010
100010
1000000010
1000101000
00101010
1010
0100100100
0100100
01001001
00100010
10000010
1000010
1001000
100100000
101000
100101010
100000010
10000101000
1001010
10010
00000010
000010
00101000
10100010
10100000
00001000
00100000
