321 564
187 912
756 438
92 631
421 789
634 210
912 345
104 876
532 123
298 741
876 298
345 589
723 412
159 873
481 329
267 954
593 178
128 765
843 231
376 598
512 147
689 375
241 826
917 264
183 741
659 387
271 532
746 198
329 874
581 245
197 683
875 421
139 576
462 831
294 167
837 523
175 698
721 365
248 791
592 134
317 856
934 237
168 691
753 284
426 612
281 937
574 162
819 471
137 825
493 256
365 781
912 348
147 625
683 192
276 539
831 406
158 769
572 314
952 487
231 692
516 275
374 821
784 196
125 649
658 357
392 714
867 142
219 536
475 873
304 218
762 591
127 328
694 763
371 295
825 642
174 917
528 153
389 726
736 284
192 571
452 936
317 158
896 452
205 687
571 329
418 753
682 197
349 845
927 261
163 579
438 924
279 167
856 415
124 738
567 382
731 846
259 193
485 627
316 485
873 142
194 936
629 381
375 768
726 294
168 543
854 176
251 458
497 639
327 815
789 236
112 591
652 347
421 674
587 129
238 517
465 892
321 174
693 526
157 847
398 263
541 719
274 381
932 756
187 129
628 475
359 823
817 246
143 697
486 341
237 589
695 217
412 763
785 418
129 596
367 948
541 273
896 524
171 879
452 136
298 674
735 391
189 746
563 187
328 915
648 365
215 492
872 137
196 649
435 812
284 362
791 683
153 427
387 586
517 294
962 751
218 492
579 256
346 834
764 179
125 563
682 314
495 728
248 159
516 647
368 921
837 263
174 792
426 157
271 574
835 417
193 756
568 239
382 627
726 392
152 784
493 216
274 682
615 347
243 795
489 163
927 582
158 931
362 478
571 126
247 591
639 347
482 716
259 872
518 214
743 596
185 324
671 957
328 175
592 684
416 327
964 578
213 846
457 192
319 675
874 432
157 893
542 168
273 751
795 326
137 697
428 534
376 891
714 265
182 739
659 415
321 837
576 142
247 629
913 374
165 721
428 389
274 635
734 197
382 843
695 231
192 754
537 492
367 851
685 279
123 685
475 213
342 761
793 428
156 674
412 329
261 576
536 943
286 217
817 584
139 268
467 735
358 492
962 374
198 629
532 164
341 574
789 231
147 864
367 412
583 769
251 138
697 523
463 287
928 637
175 896
524 241
396 785
648 314
247 967
512 182
379 731
834 256
191 593
468 941
328 167
671 486
415 823
759 271
163 673
524 318
269 581
793 452
159 712
476 387
324 846
659 193
217 674
583 428
316 792
847 235
194 651
438 379
276 815
691 247
153 694
523 318
274 765
628 214
341 578
816 392
197 843
526 179
363 721
721 346
152 659
437 284
259 618
741 372
189 871
574 231
317 659
972 385
147 827
394 263
581 643
217 498
824 351
137 917
526 174
395 628
678 317
239 576
657 428
412 765
784 193
152 647
459 317
276 785
572 246
389 671
728 418
197 539
467 254
328 712
865 379
172 617
432 874
283 124
821 536
168 973
457 216
325 674
769 427
165 864
591 172
241 638
463 795
348 267
895 613
175 981
536 214
392 758
674 421
215 864
529 176
387 693
741 358
169 574
453 219
297 847
627 186
248 731
516 392
381 745
926 153
157 576
443 219
268 784
857 413
196 764
532 197
341 685
712 246
165 573
467 318
284 759
612 487
237 836
562 173
324 689
859 425
193 764
461 382
296 517
845 263
172 593
487 215
342 678
695 416
236 874
623 175
346 512
719 268
193 623
486 359
318 714
861 257
174 521
453 186
295 748
679 413
218 962
564 179
347 631
721 296
162 857
429 168
274 547
693 235
159 697
483 342
361 827
759 168
217 695
476 283
329 635
814 427
193 815
537 194
326 861
784 319
156 649
427 218
285 684
637 417
194 753
574 261
418 631
793 182
147 643
491 218
327 765
718 419
164 792
468 234
318 659
647 175
219 675
587 261
423 714
765 183
125 621
478 273
291 674
635 417
192 687
537 214
682 345
176 754
437 289
851 621
213 476
564 912
328 167
712 539
183 625
496 381
254 719
816 234
157 692
519 348
297 831
724 195
258 673
492 236
367 518
783 274
149 583
475 321
243 847
657 194
387 629
752 317
196 564
531 237
387 694
729 158
235 631
572 349
421 783
867 269
176 512
437 291
267 638
685 174
139 647
483 219
294 762
713 536
167 927
625 184
371 593
842 317
219 768
564 143
327 587
691 254
146 719
523 284
356 837
714 169
238 528
569 371
428 796
875 214
164 673
523 357
291 826
647 193
215 542
574 316
329 691
753 257
192 634
458 195
316 745
691 328
172 589
527 264
384 716
734 182
257 619
541 376
389 753
812 219
167 674
531 427
279 652
643 198
321 563
779 427
183 658
492 327
256 774
631 245
158 619
527 381
357 724
782 136
231 587
496 342
276 718
642 187
193 547
438 317
267 682
723 194
153 625
516 379
347 721
628 196
284 573
651 421
193 685
537 231
382 769
724 128
172 539
425 286
319 671
768 213
214 574
469 327
351 786
694 219
157 592
512 364
279 731
657 186
234 567
491 317
364 753
792 243
141 634
593 379
316 824
673 175
218 654
487 319
264 763
721 241
189 564
427 138
298 717
682 291
157 532
541 378
429 824
751 162
276 629
512 197
393 657
741 325
195 678
539 246
372 713
826 158
143 583
462 219
328 767
671 345
217 596
493 278
321 689
753 147
234 621
583 372
367 845
724 219
183 576
436 271
568 724
318 537
682 194
173 541
427 286
581 723
264 173
639 467
187 736
462 139
298 572
651 327
214 648
486 275
369 712
723 254
193 578
456 316
317 586
762 143
169 531
428 287
273 692
638 176
197 742
517 298
342 741
762 165
219 648
463 372
318 792
724 236
169 517
432 273
286 695
647 187
194 526
482 341
353 714
689 227
168 593
496 317
254 651
691 214
175 567
439 301
289 742
612 158
187 523
456 297
317 673
782 163
241 593
526 319
347 792
758 165
216 547
483 274
321 618
671 236
187 513
469 284
325 681
761 219
176 537
420 297
287 653
614 179
249 537
518 362
376 748
735 197
156 631
483 247
318 592
691 167
235 527
493 321
246 674
589 137
196 548
452 293
369 716
792 213
159 652
473 317
293 678
614 195
238 516
417 367
814 212
176 581
432 295
287 651
635 183
241 512
489 267
329 675
762 193
147 527
428 351
276 731
651 219
175 562
419 274
312 649
758 182
163 527
439 256
358 682
694 219
175 531
428 276
317 645
731 187
241 513
467 321
296 578
651 193
236 571
758 182
163 527
439 256
358 682
694 219
175 531
428 276
317 645
731 187
241 513
467 321
296 578
651 193
236 571
758 182
163 527
439 256
358 682
694 219
175 531
428 276
317 645
731 187
241 513
467 321
296 578
651 193
236 571
758 182
163 527
439 256
358 682
694 219
175 531
428 276
317 645
731 187
241 513
467 321
296 578
651 193
236 571
758 182
163 527
439 256
358 682
694 219
175 531
428 276
317 645
731 187
241 513
467 321
296 578
651 193
236 571
758 182
163 527
439 256
358 682
694 219
175 531
428 276
317 645
731 187
241 513
467 321
296 578
651 193
236 571
758 182
163 527
439 256
358 682
694 219
175 531
428 276
317 645
731 187
241 513
467 321
296 578
651 193
236 571
758 182
163 527
439 256
358 682
694 219
175 531
428 276
317 645
731 187
241 513
467 321
296 578
651 193
236 571
316 824
673 175
218 654
487 319
264 763
721 241
189 564
427 138
298 717
682 291
157 532
541 378
429 824
751 162
276 629
512 197
393 657
741 325
195 678
539 246
372 713
826 158
143 583
462 219
328 767
671 345
217 596
493 278
321 689
753 147
234 621
583 372
367 845
724 219
183 576
436 271
568 724
318 537
682 194
173 541
427 286
581 723
264 173
639 467
187 736
462 139
298 572
651 327
214 648
486 275
369 712
723 254
193 578
456 316
317 586
762 143
169 531
428 287
273 692
638 176
197 742
517 298
342 741
762 165
219 648
463 372
318 792
724 236
169 517
432 273
286 695
647 187
194 526
482 341
353 714
689 227
168 593
496 317
254 651
691 214
175 567
439 301
289 742
612 158
187 523
456 297
317 673
782 163
241 593
526 319
347 792
758 165
216 547
483 274
321 618
671 236
187 513
469 284
325 681
761 219
176 537
420 297
287 653
614 179
249 537
518 362
376 748
735 197
156 631
483 247
318 592
691 167
235 527
493 321
246 674
589 137
196 548
452 293
369 716
792 213
159 652
473 317
293 678
614 195
238 516
417 367
814 212
176 581
432 295
287 651
635 183
241 512
489 267
329 675
762 193
147 527
428 351
276 731
651 219
175 562
419 274
312 649
758 182
163 527
439 256
358 682
694 219
175 531
428 276
317 645
731 187
241 513
467 321
296 578
651 193
236 571
758 182
163 527
439 256
358 682
694 219
175 531
428 276
317 645
731 187
241 513
467 321
296 578
651 193
236 571
758 182
163 527
439 256
358 682
694 219
175 531
428 276
317 645
731 187
241 513
467 321
296 578
651 193
236 571
758 182
163 527
